346812	346812	109
346812	813499	208
346812	281262	227
346812	817313	222
346812	66416	124
346812	693511	203
346812	938584	40
346812	108573	79
346812	568664	1
346812	40759	22
346812	573397	213
346812	116108	158
346812	947544	56
346812	984567	248
346812	355619	214
346812	789546	113
346812	1020296	139
346812	813861	112
346812	349058	216
346812	735148	78
346812	61886	87
346812	430983	24
346812	547125	159
346812	560224	159
346812	281384	212
346812	148125	30
346812	838462	189
346812	707469	145
346812	567124	248
346812	838073	174
346812	695154	101
346812	587123	65
346812	606627	54
346812	921213	124
346812	867283	199
346812	247550	111
346812	905236	66
346812	940311	105
346812	442266	34
346812	760518	29
346812	136577	239
346812	829072	254
346812	697787	222
346812	934258	235
346812	569337	24
346812	140212	215
346812	468795	29
346812	471766	153
346812	466027	223
346812	207588	23
346812	903298	40
346812	583902	49
346812	168564	127
346812	230666	182
346812	672467	239
346812	847127	117
346812	257693	185
346812	474531	135
346812	13046	177
346812	859685	159
346812	300917	87
346812	607494	197
346812	810081	121
346812	169233	44
346812	564470	146
346812	339494	111
346812	459242	88
346812	537660	220
346812	1019857	160
346812	832724	15
346812	339696	186
346812	974460	236
346812	164943	184
346812	204919	66
346812	549643	88
346812	79097	176
346812	1032466	51
346812	810421	226
346812	466938	234
346812	546882	23
346812	389772	159
346812	292607	187
346812	58623	195
346812	445306	159
346812	317432	185
346812	568420	93
813499	813499	74
813499	846097	115
813499	116108	16
813499	355619	246
813499	13046	197
813499	384881	193
813499	564470	223
813499	366488	196
813499	211336	219
813499	309803	211
813499	281262	246
813499	168564	153
813499	230666	170
813499	847127	14
813499	216457	58
813499	785016	240
813499	663819	229
813499	694645	45
813499	559499	192
813499	913328	230
813499	645081	173
813499	466639	49
813499	691012	59
813499	466860	71
813499	848895	28
813499	275931	169
813499	211206	155
813499	873984	38
813499	36759	227
813499	22173	151
813499	810778	229
813499	814641	255
813499	46638	20
813499	981151	226
813499	439049	69
813499	297227	34
813499	866283	160
813499	996873	58
813499	342724	203
813499	233354	196
813499	181899	205
813499	176095	134
813499	93059	112
813499	468556	172
813499	1017916	28
813499	721493	147
813499	944421	198
813499	172034	225
813499	723894	183
813499	34895	252
813499	149314	126
813499	382453	234
813499	277909	240
813499	815432	111
813499	28482	84
813499	251461	69
813499	366983	196
813499	607494	90
813499	739838	57
813499	817210	117
813499	437785	72
813499	620215	187
813499	758757	13
813499	40994	15
813499	662015	206
813499	877574	27
813499	446521	183
813499	8676	131
813499	803412	224
813499	560343	208
813499	19683	168
813499	867617	232
813499	398394	251
813499	792245	150
813499	281890	187
813499	936680	149
813499	458673	160
813499	579051	209
813499	67200	2
813499	809397	8
813499	300697	122
813499	950284	200
813499	5356	28
813499	787791	190
813499	846455	242
813499	266003	230
813499	390339	67
813499	653490	176
813499	254535	33
813499	531724	245
813499	43670	4
813499	1005248	16
813499	185255	110
813499	294573	100
813499	634644	153
813499	554711	2
813499	214901	128
813499	716696	80
813499	114276	118
813499	358331	31
813499	399047	132
813499	752947	120
813499	512281	174
813499	821630	170
813499	19037	107
813499	694076	101
813499	189482	186
813499	163007	90
813499	629916	63
813499	652772	45
813499	987688	137
813499	1984	110
813499	212713	22
813499	872424	105
813499	148535	164
813499	603356	62
813499	902408	173
813499	834390	169
813499	152920	243
813499	58623	48
813499	433175	36
813499	918336	205
813499	938024	223
813499	572215	253
813499	335281	9
813499	327464	194
813499	192145	227
813499	672467	87
813499	1020296	59
813499	613752	78
813499	906397	49
813499	540813	85
813499	682104	122
813499	831871	201
281262	817313	153
281262	216457	197
281262	367026	202
281262	39648	75
281262	913328	5
281262	275931	135
281262	573397	173
281262	980552	201
281262	181899	163
281262	317414	98
281262	717284	181
281262	660959	50
281262	637536	190
281262	854642	141
281262	404858	212
281262	863249	237
281262	421726	251
281262	596572	145
281262	321484	110
281262	559991	122
281262	379433	140
281262	96880	134
281262	266003	43
281262	391960	136
281262	189161	36
281262	546739	150
281262	76650	203
281262	42198	200
281262	54142	41
281262	113528	14
281262	972390	167
281262	461987	56
281262	1032466	53
281262	636260	67
281262	1032725	162
281262	667021	226
281262	551021	163
281262	395789	246
281262	1034893	58
281262	36759	110
281262	814641	106
281262	717906	8
281262	715620	73
281262	349058	49
281262	766968	159
281262	255400	102
817313	94173	252
817313	351788	216
817313	62663	188
817313	691012	115
817313	744423	232
817313	94329	36
817313	567124	244
817313	5433	62
817313	1016166	233
817313	718771	50
817313	608267	2
817313	462143	148
817313	183234	175
817313	380278	150
817313	92369	57
817313	10526	105
817313	596561	23
817313	1035120	223
817313	672467	89
817313	359918	55
817313	938584	22
817313	776684	108
817313	913328	184
817313	645081	80
817313	452158	61
817313	282685	222
817313	22173	10
817313	46638	166
817313	715475	204
817313	342724	18
817313	412317	191
817313	416616	110
817313	600792	45
817313	305821	103
817313	614570	239
817313	822948	8
817313	382453	11
817313	28482	219
817313	950075	146
817313	877574	163
817313	599799	205
817313	819308	202
817313	682581	236
817313	781005	154
817313	794544	123
817313	216788	75
817313	743125	250
817313	651431	208
817313	1047036	80
817313	906819	76
817313	321017	173
817313	877898	155
817313	546739	165
817313	483604	37
817313	468975	20
817313	971310	60
817313	928206	131
817313	631030	185
817313	282302	235
817313	26024	248
817313	291518	136
817313	709940	205
817313	443406	32
817313	697177	24
817313	727717	8
66416	847127	254
66416	452158	18
66416	412317	188
66416	742815	56
66416	1017916	143
66416	853960	65
66416	115712	213
66416	943453	19
66416	715699	109
66416	808987	253
66416	174274	153
66416	426632	94
66416	817210	115
66416	430983	59
66416	831405	151
66416	66416	79
66416	846097	47
66416	848895	24
66416	259589	59
66416	61886	180
66416	560343	3
66416	136577	250
66416	212713	93
66416	155408	113
693511	672467	209
693511	694645	166
693511	595964	103
693511	394210	243
693511	753371	206
693511	920866	76
938584	846097	173
938584	559499	173
938584	645081	121
938584	968857	189
938584	917085	123
938584	53278	47
938584	873984	211
938584	276979	109
938584	985695	66
938584	863249	56
938584	741407	43
938584	149083	251
938584	867283	129
938584	345212	252
938584	285616	142
938584	231616	49
938584	990836	58
938584	831871	85
938584	627890	191
938584	753371	22
938584	546943	47
938584	647848	95
938584	541478	118
938584	283719	104
938584	346606	0
938584	512281	212
938584	786498	225
938584	291966	239
938584	298069	163
938584	305539	240
938584	1044991	113
108573	672467	238
108573	846097	243
108573	1042541	189
108573	183106	4
108573	129760	76
108573	149999	65
108573	24752	164
108573	157785	135
108573	544811	212
108573	547032	159
108573	793127	171
108573	441642	132
568664	627890	230
568664	952300	125
568664	458673	232
568664	283719	36
568664	411418	128
568664	531724	150
568664	497138	1
40759	785016	93
40759	1034893	152
40759	944643	218
40759	351367	118
40759	404015	75
40759	285768	0
40759	157785	82
40759	99918	190
40759	515358	191
40759	419663	47
40759	486190	151
40759	996171	211
573397	529863	232
573397	196666	170
573397	194512	134
573397	194171	204
573397	787791	172
573397	974460	140
573397	85003	126
573397	134557	5
573397	77684	95
116108	367026	150
116108	566784	153
116108	920866	120
116108	98600	237
116108	838073	213
116108	568898	49
116108	1016166	180
116108	421726	194
947544	230666	156
947544	559499	251
947544	969660	120
947544	412317	95
947544	721493	181
947544	178029	116
947544	493910	207
947544	428365	141
947544	975142	252
947544	737866	194
947544	603291	190
947544	920273	91
947544	971310	201
947544	283763	164
947544	429886	38
947544	194512	48
947544	834039	29
947544	707572	148
947544	739838	41
947544	798790	97
947544	46367	16
947544	838397	25
947544	281401	40
947544	652772	252
947544	290206	132
947544	1027506	35
947544	128187	186
984567	694645	190
984567	22173	163
984567	19683	22
984567	447353	0
355619	136329	126
355619	707469	82
355619	43586	207
355619	10418	20
789546	672467	56
789546	22173	205
789546	85497	142
789546	281384	223
789546	340147	181
789546	645216	72
789546	579051	11
789546	145392	201
789546	792353	30
1020296	621164	97
1020296	42198	102
1020296	123751	240
813861	621164	10
813861	121769	157
813861	953486	130
349058	172034	6
349058	95464	231
735148	462685	112
735148	907118	6
735148	387377	222
61886	785016	241
61886	996171	178
61886	707047	61
61886	89828	156
430983	283763	204
430983	857962	124
430983	695001	6
430983	183106	220
547125	847127	225
547125	526340	201
547125	528763	94
560224	847127	80
560224	715620	70
560224	548053	87
560224	583902	53
281384	664237	138
281384	821675	178
148125	981151	197
148125	955331	108
838462	211206	79
838462	529863	82
707469	259589	95
707469	243769	120
707469	63331	68
707469	976121	235
567124	85497	133
567124	149083	29
838073	367026	6
838073	81200	181
838073	30676	21
695154	363075	21
695154	810778	207
695154	327405	106
695154	890643	204
587123	920866	5
587123	427339	182
587123	497138	204
587123	19115	37
587123	1002046	55
587123	548053	46
606627	614570	11
606627	339696	76
606627	399212	227
606627	940311	175
921213	919630	56
921213	255537	233
921213	767536	156
867283	216457	102
247550	621164	156
247550	444148	120
905236	600792	137
905236	145392	132
940311	996873	86
442266	627677	64
442266	135065	48
442266	142155	46
442266	567368	225
760518	846097	216
760518	31400	6
760518	716209	106
760518	123751	127
760518	295883	75
136577	216457	246
829072	300917	23
829072	303885	197
697787	478941	84
697787	877898	60
934258	476388	198
934258	281890	202
569337	559499	62
569337	560343	167
140212	768818	131
140212	1021846	84
468795	8676	4
468795	767536	92
468795	484112	53
471766	466860	140
471766	766690	29
466027	364578	66
466027	462880	32
207588	694645	55
207588	584242	8
903298	230666	143
903298	314681	193
583902	1032230	6
168564	715475	137
168564	944643	84
168564	575564	46
168564	551232	243
168564	460049	157
168564	135618	195
168564	829043	37
168564	785016	137
168564	742815	45
168564	798790	54
168564	906397	92
168564	46367	191
168564	694645	147
168564	1034893	18
168564	476388	57
168564	649904	44
168564	478941	158
168564	429886	177
168564	482028	238
168564	172034	116
168564	715620	250
168564	822948	225
168564	867617	127
168564	364221	92
168564	915170	6
168564	974460	210
168564	634644	227
168564	836212	194
168564	123592	103
168564	536308	211
168564	1041325	42
168564	668533	218
168564	124498	136
168564	303885	40
168564	494397	234
168564	526340	59
168564	76693	27
168564	295883	239
168564	23946	246
168564	532305	109
168564	343284	134
168564	893097	5
168564	964203	18
168564	411279	233
230666	557551	220
230666	243769	42
230666	105952	17
230666	964141	233
230666	987688	241
230666	847127	43
230666	621164	184
230666	359918	21
230666	267675	115
230666	874127	126
230666	320941	94
230666	551739	84
230666	379158	84
230666	306596	203
230666	677707	201
230666	130802	115
230666	858079	37
230666	505455	85
230666	81200	52
230666	10262	37
230666	76650	142
230666	1001233	196
230666	245352	139
230666	443327	186
230666	367026	93
230666	627890	231
230666	439049	179
230666	376723	205
230666	233354	4
230666	684254	212
230666	169233	107
230666	1032512	110
230666	506979	219
230666	582986	216
230666	216788	210
230666	722194	79
230666	451905	122
230666	821630	108
230666	454049	222
230666	59395	109
230666	305539	157
230666	964203	53
672467	367026	6
672467	462685	210
672467	466860	189
672467	98812	235
672467	246128	39
672467	955331	151
672467	459242	98
672467	314681	156
672467	339696	199
672467	585607	160
672467	448941	245
672467	206864	100
672467	76650	121
672467	648018	224
672467	389305	190
672467	595964	144
672467	301267	5
672467	10526	114
672467	546882	32
672467	414254	59
672467	484112	189
672467	1035120	223
672467	785308	60
672467	549643	148
672467	776684	76
672467	363075	197
672467	452158	61
672467	874127	183
672467	476388	93
672467	336355	147
672467	326310	48
672467	237174	26
672467	169233	77
672467	540813	2
672467	400168	169
672467	645216	25
672467	463576	195
672467	976032	139
672467	767536	33
672467	352591	88
672467	528763	100
672467	1027105	169
672467	633498	189
672467	483443	147
847127	776684	77
847127	62663	48
847127	866283	107
847127	660959	201
847127	691125	111
847127	709389	143
847127	624977	250
847127	364578	119
847127	689765	100
847127	1040725	0
847127	454829	175
847127	638350	151
847127	481801	51
847127	990410	102
847127	532845	99
847127	993752	251
847127	39648	182
847127	816055	148
847127	934764	12
847127	473290	115
847127	621164	73
847127	359918	239
847127	257693	14
847127	664237	54
847127	364095	185
847127	689027	42
847127	529863	50
847127	19683	46
847127	283719	14
847127	831833	73
847127	85593	78
847127	303776	125
847127	932305	171
257693	694645	243
257693	8676	196
257693	430374	242
257693	86816	150
257693	343641	239
257693	707572	102
257693	51501	144
474531	1034893	58
474531	466860	252
474531	768038	217
474531	300917	209
474531	420717	137
474531	627677	2
474531	531521	38
474531	931340	40
474531	658137	31
474531	806983	23
474531	217279	114
474531	489575	53
13046	621164	12
13046	619234	80
13046	399047	73
13046	963075	68
13046	395789	230
859685	715475	74
859685	233354	181
859685	984707	90
859685	209499	11
859685	915170	139
859685	8966	53
859685	332458	124
859685	19802	114
300917	785016	156
300917	275382	148
300917	707047	238
300917	790075	18
607494	180295	179
607494	766968	172
607494	400168	25
607494	621902	85
607494	179623	84
810081	468556	42
810081	822948	187
810081	982957	97
810081	232342	132
810081	899673	1
810081	759419	172
810081	1984	206
810081	389772	85
810081	505615	101
810081	454733	130
169233	1040725	36
169233	1012170	249
169233	865326	166
169233	531063	205
169233	88370	173
169233	59395	99
169233	722052	71
564470	282685	252
564470	704421	46
564470	343284	242
339494	968857	163
339494	715620	121
339494	898719	83
339494	71854	100
339494	979448	151
459242	1034893	187
537660	255537	183
537660	557551	220
537660	588922	4
537660	556250	204
537660	417410	128
1019857	1034893	235
1019857	955331	191
1019857	768038	23
1019857	200135	124
1019857	631030	54
1019857	833151	178
1019857	304967	167
832724	531521	240
832724	601123	10
832724	566784	234
832724	633498	162
339696	632467	205
339696	332458	239
339696	741407	120
974460	634644	252
974460	27503	149
164943	430374	93
164943	971310	251
204919	873984	92
204919	275382	239
549643	462685	221
549643	1021846	67
79097	266003	139
79097	456052	223
79097	967798	142
79097	894263	133
79097	494129	12
1032466	582986	175
810421	22173	120
810421	285768	104
810421	231616	98
466938	462685	200
466938	283763	172
546882	488235	85
389772	637536	164
389772	1031270	254
389772	708634	129
292607	320941	187
292607	907118	82
58623	863249	164
58623	411279	111
58623	585302	141
445306	810778	54
445306	1011235	66
317432	105952	63
317432	441642	17
568420	435793	13
568420	608267	251
846097	328971	94
846097	917950	19
846097	716209	252
846097	424866	149
846097	185066	192
846097	148535	166
846097	462685	23
846097	363075	152
846097	336355	86
846097	315355	83
846097	246128	204
846097	195175	70
846097	649132	173
846097	758757	249
846097	632467	239
846097	691125	102
846097	327009	207
846097	965197	39
846097	838397	219
846097	91317	27
846097	541960	134
846097	51501	159
846097	582415	204
846097	124498	192
846097	336691	249
846097	749487	52
846097	916152	157
846097	152920	207
846097	231616	163
846097	808174	20
846097	876398	182
846097	169205	158
846097	920273	225
846097	999040	172
846097	505615	94
846097	981492	136
846097	903328	198
846097	663819	157
846097	320941	242
846097	194171	126
846097	135065	215
846097	96880	14
846097	483604	240
846097	638350	255
384881	913328	201
384881	985695	87
384881	919785	161
366488	1011235	13
366488	819308	17
211336	172034	231
211336	793075	84
211336	999057	56
211336	489575	145
211336	1015670	46
309803	376723	64
309803	715475	147
216457	621164	20
216457	559499	23
216457	1034893	149
216457	46638	90
216457	351788	111
216457	996873	141
216457	664237	99
216457	468556	179
216457	1011235	5
216457	22436	79
216457	454616	57
216457	327792	186
216457	81155	139
216457	254535	121
216457	1012170	175
216457	435847	124
216457	89828	145
216457	281401	104
216457	420717	225
216457	85003	251
216457	704421	241
216457	177856	113
216457	414254	254
216457	298069	142
216457	130471	129
216457	1021737	130
216457	466860	65
216457	376723	3
216457	637536	232
216457	613752	188
216457	691049	46
216457	135484	65
216457	297227	81
216457	66479	105
216457	346704	64
216457	404002	246
785016	810778	179
785016	240164	35
785016	157785	97
785016	766968	246
785016	529863	113
785016	81155	112
785016	846455	254
785016	416616	126
785016	985695	199
785016	717230	84
785016	863757	81
785016	783330	155
785016	697029	45
785016	636260	231
785016	194512	180
785016	984707	65
785016	248408	69
663819	38953	109
663819	36759	14
663819	351788	182
663819	498916	174
663819	689027	221
663819	829109	247
663819	326511	237
663819	879634	224
663819	562687	251
663819	336691	250
663819	211206	195
663819	649904	53
663819	919630	33
694645	873984	113
694645	1032996	183
694645	317414	84
694645	950075	81
694645	229385	119
694645	355820	16
694645	207079	80
694645	1000684	67
694645	216788	174
694645	189161	23
694645	195063	118
694645	493888	30
694645	668533	64
694645	1006571	151
694645	356881	102
694645	324369	223
694645	291966	64
694645	876398	64
694645	349517	95
694645	543433	147
694645	981151	34
694645	381554	84
694645	985695	133
694645	152647	6
694645	909135	93
694645	716696	74
694645	131220	223
694645	981456	63
559499	955331	21
559499	8966	55
559499	786261	41
559499	275931	169
559499	482028	254
559499	259589	253
559499	379158	253
559499	972390	58
559499	813955	75
559499	282685	169
559499	600792	198
559499	57188	197
559499	634888	164
559499	572927	253
559499	831405	224
559499	609549	255
559499	877898	65
559499	156135	152
559499	621902	15
559499	417410	196
559499	668533	218
559499	71156	6
559499	841120	174
559499	596561	75
559499	13611	131
913328	196666	113
913328	565609	147
913328	789762	239
913328	376723	146
913328	717284	117
913328	306596	83
913328	653490	185
913328	505455	44
913328	303885	244
913328	740332	46
913328	805311	200
913328	566851	5
913328	660959	21
913328	252289	222
645081	28482	154
645081	679187	221
645081	42099	15
645081	580376	249
645081	237174	119
645081	949598	254
645081	570089	209
645081	559991	251
645081	846455	88
645081	507579	35
645081	648980	6
645081	427983	56
466639	367026	6
466639	462685	185
466639	240164	7
466639	1016722	224
466639	723894	136
466639	698702	15
466639	717230	244
466639	643656	241
466639	803196	193
466639	538353	71
466639	697177	44
466639	149999	164
466639	282685	203
466639	374858	53
466639	964141	12
691012	403279	204
691012	614570	16
691012	3778	109
691012	915170	51
691012	541478	189
691012	1012170	155
691012	427983	178
691012	562687	254
691012	829043	35
691012	83810	87
691012	182407	107
691012	207079	237
691012	925048	166
691012	775442	247
691012	157897	133
466860	224435	172
466860	135484	26
466860	336290	124
466860	848895	106
466860	40994	180
466860	688685	252
466860	85593	173
466860	979448	125
466860	162897	43
466860	357318	109
466860	993752	198
848895	75256	113
848895	151863	119
848895	951057	144
848895	83810	58
848895	314681	56
275931	1041647	236
275931	448941	85
275931	863249	218
275931	1040630	43
275931	211206	193
275931	93059	12
275931	650282	155
211206	351367	251
211206	68982	134
211206	695001	197
211206	658094	4
211206	368902	51
211206	981151	59
211206	662015	247
211206	923590	82
211206	709940	248
211206	290206	212
211206	93059	187
211206	599799	199
873984	67200	185
873984	700079	234
873984	28192	128
873984	874127	109
873984	157337	137
873984	594490	168
873984	411279	29
36759	949598	57
36759	907118	166
36759	951700	118
36759	541960	154
36759	332458	154
36759	1043708	9
36759	26024	108
36759	476388	104
36759	85497	21
36759	3778	103
36759	809397	211
36759	768818	17
36759	16329	184
36759	259066	63
36759	651501	74
36759	933135	204
36759	939546	138
22173	22173	173
22173	614570	96
22173	964141	250
22173	1047168	58
22173	860651	214
22173	1016722	161
22173	547032	41
22173	650085	78
22173	998098	70
810778	621164	19
810778	416616	113
810778	411418	204
810778	951057	74
810778	814641	232
810778	326310	29
810778	980552	110
810778	684254	25
810778	544811	250
810778	207079	85
810778	700079	17
810778	105952	90
810778	608267	12
810778	1031270	60
810778	969660	116
810778	744423	150
810778	815432	142
810778	1042541	85
810778	570089	52
810778	435793	68
810778	156135	0
810778	497551	63
810778	863007	187
810778	410711	210
810778	801592	181
814641	595571	255
814641	928206	216
814641	750966	250
814641	285768	53
814641	682581	167
814641	374905	165
814641	821630	0
814641	700922	142
814641	1021737	240
814641	980552	214
814641	381554	191
814641	715620	242
46638	105952	57
46638	446973	145
46638	66479	198
46638	152679	65
46638	29888	151
46638	174274	75
46638	854642	115
46638	94329	156
46638	647848	174
46638	91679	23
46638	282201	119
46638	972205	157
46638	426753	195
46638	805001	84
46638	94282	197
981151	620215	101
981151	457175	251
981151	759419	184
981151	98812	212
981151	364095	220
981151	493910	230
981151	95464	211
981151	693945	89
981151	443327	245
439049	753371	247
439049	566851	251
439049	934764	32
439049	295031	36
439049	879634	58
439049	1001568	33
297227	1034893	22
297227	483443	135
297227	31400	241
297227	68982	77
297227	541478	107
297227	425078	164
866283	267675	245
866283	403279	200
866283	57188	251
866283	982145	197
866283	129760	162
866283	959851	89
866283	260406	218
866283	178029	239
866283	601123	214
866283	483604	26
866283	233354	119
866283	417667	78
866283	1044991	15
996873	476388	108
996873	551739	164
996873	829060	87
996873	717906	212
342724	621164	80
342724	546943	36
342724	327792	89
342724	682104	108
342724	768038	50
342724	906374	114
342724	82594	62
342724	86816	56
342724	890643	83
342724	92369	84
342724	638322	149
342724	349517	207
233354	1027866	141
233354	185066	55
233354	815498	78
181899	320941	177
181899	707572	143
181899	458673	203
181899	414254	251
181899	546943	81
176095	24752	131
176095	426632	79
176095	557551	4
176095	10262	37
176095	909135	63
176095	648980	95
176095	546739	168
176095	195063	58
176095	451905	252
176095	274409	241
176095	27722	78
93059	404858	146
93059	1041647	172
468556	180295	68
468556	623907	196
468556	286448	19
468556	507579	39
468556	462143	81
468556	122899	201
468556	822948	186
468556	327792	148
468556	121769	33
468556	372255	58
468556	399212	203
468556	976032	66
468556	863280	4
468556	650282	244
468556	872424	164
1017916	363075	45
1017916	786498	251
1017916	88370	123
1017916	1040630	19
1017916	878312	159
1017916	691049	244
1017916	934428	170
1017916	151698	19
721493	1034893	104
721493	853960	28
721493	852383	157
944421	627890	200
944421	24752	163
944421	195175	62
944421	114276	37
944421	544811	42
944421	27503	3
944421	999225	234
944421	989589	177
944421	357318	140
944421	918336	126
172034	94173	6
172034	1011235	192
172034	858079	76
172034	404002	93
172034	743125	62
172034	735060	237
172034	596561	38
723894	283763	158
723894	755931	7
34895	627890	239
34895	155408	93
149314	621164	138
149314	984707	188
149314	829109	117
149314	152647	105
149314	899673	191
149314	374905	110
149314	844559	209
149314	770479	21
149314	998196	190
382453	462685	82
382453	379158	92
382453	266003	138
382453	973234	197
277909	282685	217
277909	326310	246
277909	163488	246
815432	412317	34
815432	865326	64
28482	498916	69
28482	590453	207
28482	156135	48
28482	751484	156
28482	446521	42
28482	254535	141
28482	507579	183
28482	686606	99
251461	621164	18
251461	660959	88
251461	404858	2
251461	591723	99
251461	447353	1
366983	715475	252
366983	435847	235
366983	999225	23
366983	255537	178
366983	78831	253
366983	694076	56
366983	45690	90
366983	419715	254
739838	566851	157
739838	300697	3
739838	572927	101
739838	294573	139
739838	430374	211
739838	151863	209
739838	282302	80
739838	52766	28
739838	76693	133
739838	594490	29
739838	19802	18
739838	484112	235
739838	479711	32
817210	276979	100
817210	696009	107
817210	419715	191
817210	224435	100
817210	281890	81
817210	952061	245
817210	30676	138
817210	386644	81
817210	590573	225
817210	23946	118
817210	652772	245
817210	902408	193
817210	938024	112
437785	1011235	244
437785	546943	110
620215	551739	26
620215	732126	222
758757	283763	236
758757	159989	19
758757	358331	185
758757	450103	9
758757	13611	113
758757	878312	157
758757	57188	72
758757	446521	130
758757	247163	114
758757	468482	249
758757	118450	107
758757	689027	136
40994	1016722	37
662015	621164	18
662015	611315	144
662015	581287	128
877574	621164	96
877574	29888	241
877574	981456	68
877574	433175	173
446521	755931	63
446521	768818	234
446521	831405	159
8676	321484	208
803412	566851	45
803412	744423	154
803412	951700	215
803412	327009	59
560343	462685	208
560343	446973	207
560343	756410	216
560343	67200	135
19683	906397	72
867617	1011235	89
398394	367026	183
398394	950075	230
398394	829060	161
398394	214901	181
792245	649904	108
792245	157785	225
792245	430374	29
792245	244418	148
792245	99918	206
792245	688685	130
792245	147688	129
792245	611315	177
281890	906397	173
281890	130802	141
936680	874127	33
936680	980552	224
936680	1044991	100
936680	595964	35
936680	802093	75
458673	64551	134
458673	999040	231
579051	240164	132
579051	47741	87
579051	217279	85
579051	326511	105
579051	81200	82
579051	1017963	115
67200	27503	10
67200	260406	23
67200	853960	227
67200	25010	194
67200	768818	242
809397	351788	114
809397	629916	225
809397	206864	109
809397	89828	236
809397	931340	30
300697	446973	187
300697	151863	14
300697	688685	163
300697	427983	58
300697	939546	181
950284	627890	174
950284	566851	214
5356	919630	161
5356	601123	154
5356	142675	213
787791	715620	16
787791	789762	75
787791	648058	16
787791	260231	134
787791	135778	219
846455	410711	251
846455	747218	79
846455	407317	22
390339	537680	220
390339	3778	33
653490	416616	246
653490	946245	250
254535	963741	99
254535	931340	78
254535	346136	98
254535	51501	118
254535	670235	209
531724	62663	71
531724	418850	211
531724	852625	224
43670	819308	79
43670	489212	119
43670	800073	39
1005248	627677	126
1005248	57188	179
185255	1042541	203
185255	22436	96
185255	588922	171
185255	834052	215
185255	773949	127
185255	10091	197
185255	658137	52
294573	428365	4
294573	102611	228
634644	757006	142
554711	364095	22
554711	920866	111
214901	874127	148
214901	422680	40
214901	651501	69
716696	5433	148
716696	695001	155
114276	275382	82
358331	647848	241
358331	886047	149
358331	692581	239
399047	223297	174
399047	716396	67
399047	26024	3
399047	831270	5
399047	697029	162
752947	1032996	33
752947	206864	107
512281	81200	245
821630	998196	101
19037	275382	66
19037	159989	124
19037	357318	128
19037	525518	193
19037	129362	224
694076	229385	80
189482	700079	155
189482	840055	213
189482	128187	140
163007	1011235	16
163007	839573	53
163007	366876	125
163007	990410	77
163007	715699	29
629916	627890	168
629916	532305	185
987688	580214	132
1984	839573	206
212713	461987	4
872424	985695	239
872424	1013116	109
148535	649904	232
148535	543433	45
603356	627890	65
603356	536308	42
902408	194512	89
834390	925048	118
834390	793075	186
152920	462685	223
433175	282685	116
918336	989589	248
938024	351788	95
572215	1011235	162
572215	162897	79
335281	327405	215
335281	556250	112
327464	260231	38
327464	131220	144
192145	516041	223
192145	892144	112
613752	75256	6
906397	94282	112
906397	94969	249
906397	822775	86
540813	209499	107
682104	364095	132
682104	650085	120
831871	180295	211
367026	478941	94
367026	919630	216
367026	408672	31
367026	596122	217
367026	62663	29
367026	267675	246
367026	3778	210
367026	840055	240
367026	951057	99
367026	750966	170
367026	955484	41
367026	586700	176
367026	291966	228
39648	951700	96
39648	39648	43
39648	81155	75
39648	819308	173
980552	965197	38
980552	829060	124
980552	857546	14
980552	907118	10
980552	1032512	139
980552	695653	188
980552	162897	175
980552	903328	84
317414	412317	75
317414	735707	212
317414	831833	5
317414	468975	215
317414	71156	137
317414	419715	65
317414	564446	241
317414	611315	56
717284	1034893	231
717284	354575	93
660959	839573	111
660959	479711	183
660959	517870	170
660959	976032	150
660959	157897	235
660959	29667	168
660959	959851	5
660959	760595	223
660959	290206	217
660959	757006	63
660959	923590	28
637536	1032996	159
637536	687086	55
854642	24752	117
404858	346606	1
404858	40331	158
404858	899673	20
404858	254004	136
863249	722052	48
421726	531521	110
421726	449066	78
421726	735060	58
421726	647848	19
596572	462685	209
596572	276979	119
596572	525518	247
321484	544811	199
321484	781005	110
321484	275397	33
321484	586700	252
321484	275567	67
559991	46367	14
559991	970787	32
559991	102611	153
559991	515358	80
559991	29333	92
559991	131220	158
559991	753528	5
379433	98812	248
379433	838397	214
96880	715475	184
96880	134297	146
391960	860314	88
391960	937941	88
391960	999225	226
189161	464251	26
189161	409172	166
189161	959851	90
546739	596122	16
42198	365984	76
54142	81200	85
54142	463576	206
54142	531063	199
113528	1034893	139
113528	282685	66
972390	422680	237
972390	187474	53
461987	568719	133
461987	879634	11
461987	564112	32
636260	715620	36
636260	528763	194
636260	254004	43
1032725	643656	238
1032725	789762	199
667021	389305	13
667021	298069	1
551021	1032996	88
551021	760595	239
395789	376723	39
1034893	898719	54
1034893	684254	180
1034893	718771	25
1034893	516041	247
1034893	952300	7
1034893	122899	131
1034893	568719	116
1034893	756410	24
1034893	346704	136
1034893	716497	10
1034893	696009	180
1034893	5433	150
1034893	448941	47
1034893	244418	195
1034893	382500	243
1034893	493888	122
1034893	280277	36
1034893	463146	251
1034893	291518	235
1034893	792353	241
1034893	614296	226
1034893	807418	162
717906	742815	145
717906	834039	244
717906	682581	103
717906	139309	33
717906	803196	101
717906	372805	163
717906	863280	181
717906	528421	222
717906	479120	194
717906	481801	44
715620	570089	226
715620	176686	225
715620	91679	111
715620	364221	136
715620	281401	54
766968	489212	28
766968	679187	229
766968	244418	208
766968	931692	161
766968	999057	104
766968	963075	232
766968	638409	195
766968	248408	112
766968	920159	124
766968	486190	7
255400	180295	26
255400	601845	131
715475	627677	232
715475	556250	24
715475	715475	144
715475	664237	133
715475	180295	140
715475	275382	236
715475	255537	70
715475	444915	226
715475	304967	195
715475	964203	101
944643	649904	123
944643	387377	38
944643	771422	73
944643	601123	3
944643	282201	243
944643	815498	209
575564	874127	127
575564	416616	37
575564	963075	245
551232	10418	154
551232	590453	33
460049	174274	36
460049	194512	62
460049	737866	195
460049	698752	129
135618	984707	24
135618	71156	177
829043	972205	1
742815	98812	216
742815	1041647	104
742815	716497	142
742815	833151	176
742815	516041	122
742815	10418	77
798790	984707	186
798790	857546	227
798790	163488	0
798790	906374	101
46367	1042541	176
46367	525876	76
46367	351955	248
46367	945429	148
46367	582415	172
46367	356881	28
46367	40882	214
476388	464251	173
476388	122899	100
476388	482028	101
476388	355820	222
476388	291353	46
476388	403279	22
476388	965197	109
649904	621164	159
649904	246128	205
649904	492042	25
649904	1015670	36
649904	364532	104
649904	381554	55
649904	364095	0
649904	860314	128
649904	204663	96
649904	152679	101
649904	494397	179
649904	1021846	6
649904	10526	176
649904	317229	66
478941	180295	230
478941	276979	254
478941	22436	104
429886	874127	28
429886	468975	11
429886	444148	242
482028	920866	109
482028	136329	169
822948	463576	4
822948	462880	41
364221	180295	104
915170	422680	231
915170	890643	48
836212	255537	40
836212	22436	203
123592	351788	177
123592	707572	65
536308	753371	57
536308	696009	142
536308	990836	197
536308	844559	132
536308	1031270	58
1041325	62663	132
1041325	94969	66
668533	380278	178
124498	94173	160
303885	783330	152
494397	489212	185
526340	776684	109
76693	260231	218
295883	184740	254
23946	320941	18
532305	285768	163
343284	418850	67
893097	627677	91
893097	955331	90
94173	621164	108
94173	47741	92
94173	619234	146
94173	180295	181
94173	259589	222
94173	627677	185
351788	534191	54
351788	689765	44
351788	700079	48
351788	275397	217
351788	382500	50
351788	444915	161
62663	363075	151
62663	464251	249
62663	968857	17
62663	568719	74
62663	707047	53
62663	274409	138
62663	409172	168
62663	749487	106
62663	77684	79
62663	1013116	172
62663	886047	220
744423	174274	102
744423	709389	26
744423	19115	107
744423	315355	61
744423	350527	12
94329	621164	53
94329	916948	168
94329	152647	212
94329	773949	143
94329	389305	223
5433	444148	195
5433	779652	131
1016166	819308	61
1016166	301267	200
718771	599799	234
608267	949598	11
462143	627677	59
183234	196666	198
183234	229385	153
380278	206864	104
92369	376723	48
1035120	568719	63
359918	531521	210
359918	31400	69
776684	785308	111
776684	678285	216
776684	973234	217
776684	71854	226
452158	457175	111
452158	783330	14
452158	797279	72
452158	180295	69
452158	224435	74
452158	793075	92
452158	418850	153
452158	356881	105
282685	267675	42
282685	82594	89
282685	648058	158
282685	692581	208
282685	301267	147
282685	551739	233
282685	291518	204
282685	993752	199
412317	374905	236
412317	841247	164
412317	426753	221
416616	601123	217
416616	364578	234
416616	525876	4
416616	94969	31
416616	28192	241
416616	580214	222
416616	637387	234
416616	463146	224
416616	894263	133
416616	152857	90
416616	305821	127
600792	24752	108
600792	531521	63
600792	716497	23
600792	278868	126
600792	282201	96
600792	833151	23
600792	1017963	205
600792	689765	85
600792	427339	119
600792	892144	10
305821	180295	173
305821	38953	88
305821	319833	152
305821	907118	0
305821	621456	116
614570	585607	126
614570	157337	239
614570	841120	84
950075	621164	6
950075	463146	99
950075	577002	10
950075	560637	196
599799	10418	29
599799	591723	90
599799	273809	230
599799	790075	131
599799	751484	98
599799	786310	255
599799	740332	85
599799	903328	15
819308	276979	178
819308	837114	128
819308	126534	41
819308	917085	131
682581	680804	14
682581	121769	55
682581	541960	89
682581	722194	5
682581	658137	57
682581	130471	225
781005	364578	92
781005	603291	22
794544	31400	56
794544	374905	153
216788	906819	74
216788	29667	239
743125	75256	45
743125	243769	94
743125	722194	193
743125	975142	154
743125	625020	118
743125	1029308	102
651431	24752	15
651431	136329	22
1047036	498916	248
1047036	229385	75
906819	454616	171
321017	224435	175
321017	145392	153
321017	786310	11
321017	492042	54
321017	274087	20
321017	525876	19
321017	1014597	4
321017	1002046	110
877898	22436	203
877898	583903	92
468975	716396	3
468975	978020	251
971310	105952	211
971310	315207	12
928206	517870	196
631030	3778	217
282302	422680	22
26024	892144	96
709940	1011235	235
443406	582986	55
443406	463146	115
697177	135778	155
727717	224435	92
727717	805001	121
557551	621164	45
105952	451905	223
105952	898719	66
621164	627890	103
621164	283763	123
621164	1027866	139
621164	698702	14
621164	649132	63
621164	255537	162
621164	816055	95
621164	378898	193
621164	75256	226
621164	677707	171
621164	363277	100
621164	285616	167
621164	71854	233
621164	447353	216
621164	764438	215
621164	506979	18
621164	176686	8
621164	25010	203
621164	766690	37
621164	982145	127
621164	77684	164
621164	407317	159
621164	462685	22
621164	343641	155
621164	650085	2
267675	568898	83
267675	566851	184
267675	577002	233
267675	786261	213
874127	247163	109
874127	232004	115
874127	952300	190
874127	556209	64
874127	182407	204
874127	99918	33
874127	596174	51
874127	852383	97
874127	1029308	22
874127	351955	4
320941	634888	57
320941	643656	68
320941	916948	232
320941	328971	254
320941	47741	120
320941	1004756	214
320941	260406	98
320941	933135	2
379158	709389	142
379158	793127	113
379158	94969	154
379158	909135	131
379158	632467	111
379158	732126	37
379158	691049	183
379158	169205	196
306596	336355	182
306596	91317	205
306596	920159	82
306596	479120	220
306596	596174	50
306596	648980	43
677707	717230	207
677707	489575	255
130802	489212	27
130802	757006	254
858079	327792	110
858079	1000684	225
505455	982957	230
10262	364095	48
10262	463576	255
10262	350179	6
1001233	195175	10
1001233	420717	120
1001233	849729	180
245352	426632	95
245352	857962	207
443327	841120	134
627890	31400	65
627890	1032996	142
627890	174274	193
627890	426632	124
627890	860314	22
627890	139309	170
627890	1043708	145
627890	923590	33
627890	955484	11
627890	740332	61
627890	969660	115
627890	590453	177
627890	596174	78
627890	488235	120
627890	560637	68
376723	838397	201
376723	696009	32
376723	350527	73
376723	224352	25
376723	755931	35
684254	949598	228
684254	422680	160
684254	896576	178
1032512	283763	26
1032512	839573	96
1032512	623907	159
1032512	831833	205
1032512	800073	43
1032512	851224	140
506979	627677	98
506979	695653	15
506979	217279	77
506979	614296	185
506979	42099	112
506979	303776	235
506979	621456	139
582986	240164	127
582986	364578	98
582986	423490	249
582986	953486	231
582986	933135	250
722194	280277	69
451905	40331	179
454049	489212	254
454049	159989	248
59395	326310	67
305539	207079	8
305539	351955	159
462685	326310	127
462685	286448	95
462685	149999	93
462685	1032996	18
462685	464251	239
462685	537680	213
462685	565609	22
462685	68982	43
462685	735707	17
462685	679187	90
462685	149083	149
462685	967798	58
462685	748283	242
462685	1032230	170
462685	457175	243
462685	364578	61
462685	799583	186
98812	565609	48
98812	386644	96
98812	251119	211
98812	27722	194
246128	896576	238
246128	142155	182
246128	886047	119
246128	963741	177
246128	273809	37
955331	180295	166
955331	564112	177
955331	83810	217
955331	29667	208
955331	185066	207
314681	285768	72
314681	828605	143
314681	425078	199
585607	403279	83
448941	566784	229
206864	207079	120
206864	955223	244
206864	686606	38
648018	489212	86
648018	159989	140
648018	926732	202
648018	404015	184
648018	102611	208
389305	565609	184
389305	134557	39
389305	350179	153
389305	335619	8
301267	1027506	175
785308	254004	88
363075	753371	162
363075	276979	107
363075	346606	250
363075	919630	56
363075	343641	191
363075	378898	99
363075	797279	125
363075	920273	12
336355	283763	164
336355	285768	21
336355	834039	204
336355	730451	50
336355	182407	107
336355	98600	85
336355	650282	184
336355	468218	148
336355	489212	110
336355	53278	253
336355	943422	123
326310	85593	227
326310	730451	190
326310	51146	7
326310	883074	241
237174	194512	227
237174	400168	236
237174	906374	204
400168	145392	34
400168	232342	202
400168	601845	110
400168	62149	191
400168	588922	170
400168	770479	7
645216	907118	111
463576	372805	104
767536	204663	247
767536	142155	183
352591	82594	177
352591	1043708	80
352591	813955	231
528763	250767	206
1027105	689027	216
1027105	917950	160
633498	1012170	116
633498	1040630	99
633498	807418	203
483443	327405	209
691125	1011235	202
691125	91317	147
691125	364532	162
691125	446973	56
691125	831270	85
709389	717230	93
709389	759419	192
709389	345212	143
709389	169205	102
624977	664237	86
624977	378898	62
624977	333233	23
364578	126534	47
364578	990410	65
364578	863757	98
364578	920159	52
364578	404015	155
689765	328971	9
1040725	91679	196
1040725	497551	72
454829	753371	94
454829	632467	77
638350	174274	127
638350	27722	212
481801	10091	67
532845	427339	184
532845	62149	221
816055	10418	122
816055	378898	31
816055	489212	55
816055	580214	75
816055	407317	108
816055	351367	167
934764	66479	154
934764	926732	104
473290	223297	208
473290	162897	180
664237	24752	63
664237	981456	87
664237	10418	3
664237	229385	219
664237	658094	245
364095	493888	122
364095	374858	71
364095	335619	216
364095	48595	169
364095	251893	141
689027	350179	233
689027	849271	131
689027	1039276	82
689027	52766	240
689027	839573	181
689027	693945	79
689027	844559	32
689027	707495	32
529863	732126	95
529863	333323	163
529863	926732	147
529863	16329	85
529863	799583	227
529863	802093	51
529863	407422	179
529863	976121	153
831833	327405	114
831833	478187	112
303776	283763	17
932305	753371	12
932305	428366	82
853960	562687	241
853960	716396	211
853960	152857	45
853960	547032	213
853960	803196	45
115712	240164	67
115712	232342	158
115712	863007	120
943453	28192	227
943453	959851	34
715699	837879	235
808987	285768	224
808987	29667	127
174274	319833	55
174274	883074	218
174274	142675	181
174274	336290	76
174274	1011235	140
174274	829109	79
174274	595571	15
174274	82594	45
174274	979448	173
174274	260231	112
174274	251119	84
174274	291353	244
174274	489355	61
426632	773949	171
831405	863280	214
831405	489355	60
831405	815498	202
259589	1039276	134
259589	417667	198
259589	543433	0
155408	648058	204
1011235	695653	254
1011235	990836	147
1011235	535213	237
1011235	229385	40
1011235	184740	165
1011235	417667	159
1011235	586700	108
1011235	805311	92
1011235	516041	24
22436	285768	81
22436	247163	89
22436	708634	47
22436	126534	144
22436	834052	83
454616	194512	159
454616	57188	101
327792	435793	53
1012170	750908	195
1012170	806983	236
1012170	500648	24
1012170	831270	68
435847	435793	128
85003	572927	19
85003	569515	120
85003	834052	219
85003	179623	74
704421	568719	6
177856	489212	172
177856	756410	18
298069	643656	238
130471	985695	39
1021737	931692	103
1021737	943422	33
691049	29888	92
691049	580376	123
135484	427339	226
135484	609549	140
135484	917950	47
66479	546943	16
66479	937941	39
66479	71156	233
346704	283763	244
404002	178029	70
404002	93695	17
283763	537680	17
283763	223297	130
283763	232342	6
283763	786261	57
283763	317229	2
283763	982957	152
283763	515358	240
283763	800073	124
1027866	149999	22
1027866	945429	209
1027866	355820	240
1027866	303594	47
698702	566851	87
698702	195175	116
649132	544811	80
649132	176686	90
649132	333323	110
649132	327405	124
649132	349517	199
649132	619234	192
255537	444148	93
255537	601845	230
378898	805001	242
378898	16329	9
75256	194512	217
75256	837114	133
75256	849729	249
75256	827453	55
363277	135065	248
363277	925048	217
285616	180295	80
764438	919785	113
764438	94282	54
176686	687086	30
25010	444148	69
25010	414655	242
25010	408672	81
766690	632467	15
766690	906374	139
982145	126534	137
343641	863757	199
343641	454733	203
240164	196666	110
240164	98600	161
240164	857962	152
240164	184740	228
240164	841247	122
240164	654044	75
240164	709184	11
157785	498916	108
157785	556250	87
157785	981492	171
157785	937941	146
157785	382500	154
157785	970787	89
985695	658094	114
985695	315207	119
717230	435793	222
717230	577002	133
783330	679187	244
783330	479120	232
783330	789762	94
783330	991187	214
783330	43586	39
697029	793127	122
194512	556209	54
194512	135065	195
194512	525518	84
984707	24752	25
984707	860314	168
984707	937941	116
984707	806983	97
984707	187474	97
984707	493910	7
248408	251893	245
180295	594490	26
180295	528421	101
180295	209499	207
180295	806539	99
180295	557452	158
180295	634888	27
180295	756410	24
180295	131220	139
180295	894263	160
180295	340147	91
180295	633369	191
627677	223297	162
627677	145392	117
627677	580214	9
627677	179623	250
627677	786310	35
627677	670235	175
627677	486190	15
531521	326511	75
531521	730451	229
531521	372805	84
531521	94822	190
531521	478187	10
531521	194171	181
531521	621902	14
531521	29333	46
531521	252289	9
31400	852625	38
919630	931692	204
919630	195063	249
919630	648058	147
919630	567368	90
919630	257837	75
919630	999040	164
408672	346606	219
408672	1024535	85
596122	195063	231
596122	708634	176
840055	195175	136
840055	1043708	241
750966	537680	229
750966	821675	190
750966	939546	67
955484	62149	219
586700	346136	33
917950	24752	7
917950	500648	121
917950	583903	235
917950	1006571	147
716209	695001	189
424866	925048	34
424866	251119	185
315355	86816	124
315355	538353	32
195175	157337	191
195175	517870	9
195175	771422	59
195175	883074	155
195175	250767	125
195175	494129	27
632467	860314	37
632467	750908	192
632467	64551	253
632467	255046	61
632467	733991	152
327009	178029	106
327009	450103	181
327009	468482	178
965197	916948	32
838397	412788	201
838397	735707	63
582415	931692	15
582415	567368	0
582415	272581	3
582415	1006571	203
336691	648980	26
749487	590453	150
916152	194171	185
916152	756410	113
916152	638322	233
808174	428365	6
808174	16329	104
920273	654044	87
505615	187474	119
981492	841247	36
135065	707572	249
135065	967798	41
135065	633369	156
135065	806539	151
394210	428365	101
394210	793127	71
753371	802093	86
753371	93695	246
920866	792353	25
920866	698752	200
920866	638409	238
920866	427339	122
951700	1017963	31
968857	1039276	132
968857	964165	145
917085	756410	167
917085	584242	177
917085	410711	207
917085	449066	163
53278	568898	127
53278	303594	88
276979	556209	238
276979	581287	62
276979	534191	129
276979	1042541	83
276979	849271	130
276979	1043708	68
741407	834039	80
741407	709184	195
149083	78831	247
345212	403279	123
345212	680804	19
345212	569515	84
546943	779652	228
546943	278868	45
546943	259066	241
647848	827453	111
647848	998098	232
541478	952061	205
541478	822775	228
541478	40331	19
346606	354575	233
346606	428366	176
346606	700922	202
786498	121769	218
38953	157337	149
38953	860651	22
498916	591867	126
498916	200135	100
498916	178029	170
829109	64551	135
829109	978020	65
326511	643656	23
879634	403279	215
1032996	982957	91
1032996	863007	29
229385	601845	11
229385	609549	84
229385	564446	213
229385	975142	189
229385	91679	58
229385	419663	236
355820	581287	190
1000684	83810	210
1000684	275397	20
1000684	473008	158
195063	118450	173
195063	750908	216
195063	837879	211
1006571	775442	114
324369	196666	6
324369	29667	102
349517	187474	66
381554	29333	91
381554	860651	144
131220	428366	44
981456	722052	27
678285	10091	146
678285	29667	66
678285	699403	125
973234	609549	173
973234	837114	161
8966	839573	208
813955	507579	163
57188	399212	198
57188	637387	107
57188	129362	55
57188	625020	77
57188	39413	87
57188	427339	30
634888	591867	194
634888	534191	202
634888	779652	152
572927	590453	67
572927	753528	196
572927	953486	73
572927	535213	204
572927	748283	54
609549	134297	164
621902	590573	9
417410	422680	193
417410	1014597	121
417410	151698	81
417410	557452	219
417410	569515	117
841120	564446	22
13611	386644	40
196666	623907	231
196666	204663	205
196666	790075	29
196666	1004756	174
196666	637405	246
196666	1029308	247
565609	564446	136
805311	99918	155
805311	1004756	252
805311	295031	177
252289	419663	143
286448	121769	17
149999	497551	149
149999	737866	249
537680	24752	23
537680	319833	90
537680	591867	127
537680	13019	180
537680	637387	162
735707	946245	37
679187	183106	202
679187	1027506	18
748283	121769	71
1032230	834039	216
1032230	232342	218
457175	260231	58
457175	964165	248
457175	828605	163
799583	285768	224
799583	273809	230
568719	278868	182
568719	411418	29
568719	407422	170
568719	821675	150
274409	688685	40
409172	151863	73
1013116	998098	190
1042541	365984	122
1042541	828605	68
1042541	857962	239
1042541	151698	21
183106	633369	233
129760	372255	244
129760	257837	0
24752	403279	178
24752	591723	160
24752	275382	241
24752	428365	120
24752	163488	236
24752	479711	26
544811	517870	227
544811	39413	172
793127	232342	116
441642	178029	82
441642	422680	205
898719	224352	82
952300	88370	96
952300	1047168	163
122899	771422	38
122899	223297	233
122899	590453	221
756410	849729	159
756410	1015670	34
756410	931692	26
716497	476457	44
696009	473008	230
696009	488235	185
244418	955223	135
382500	63331	250
280277	590453	83
280277	94282	159
280277	621456	112
614296	834039	252
807418	152679	190
797279	374905	198
42099	204663	245
42099	259066	67
580376	648980	54
949598	528421	253
949598	412788	171
949598	93695	254
949598	134297	117
570089	531063	35
570089	1001568	176
570089	425078	215
648980	698752	42
648980	232004	166
1016722	403279	15
643656	336290	104
643656	95464	138
803196	733991	29
803196	257837	118
538353	759419	64
374858	374905	7
374858	998098	233
403279	209499	207
403279	753528	59
83810	741417	246
182407	822775	144
182407	963741	178
182407	687086	99
182407	494129	67
925048	755931	106
925048	145392	255
925048	157897	218
925048	991187	191
775442	768818	241
775442	251893	10
157897	468218	143
430374	1047168	48
430374	340147	111
707572	428365	7
688685	553275	37
979448	272581	254
162897	637405	135
162897	989589	29
860314	30676	19
860314	78831	153
860314	48595	46
923590	134557	32
923590	878312	84
969660	365984	54
969660	159989	125
590453	118450	101
488235	896576	157
560637	906374	50
1041647	1024535	64
351367	28192	61
658094	943422	251
658094	827453	154
658094	251119	4
368902	732126	252
368902	857962	216
700079	476457	41
28192	473008	218
157337	45690	28
793075	444148	60
793075	232342	127
418850	919785	191
497551	946245	172
497551	254004	28
802093	40882	70
411418	972205	50
497138	883074	49
497138	251893	38
907118	184740	212
907118	135778	221
907118	256164	112
907118	123751	126
332458	78776	24
332458	564112	252
85497	601123	70
85497	584242	160
768818	79673	159
16329	147688	122
16329	333233	174
16329	972205	117
259066	48595	89
259066	978020	68
651501	135778	174
648058	837879	243
692581	435793	163
435793	456052	141
801592	919785	208
801592	417667	26
595571	601123	192
595571	13019	13
595571	735060	130
595571	852383	220
285768	414655	198
285768	741417	148
700922	423490	32
568898	906374	87
568898	670235	74
152679	493910	123
152679	851224	17
29888	43586	131
972205	991187	98
426753	584242	254
426753	500648	207
805001	747218	22
404015	955223	66
99918	255046	56
99918	760595	211
419663	372255	154
996171	489212	68
232004	658137	64
493910	386644	219
493910	449066	85
493910	372255	54
95464	333233	117
95464	707495	225
693945	319833	40
693945	492042	29
291353	223297	54
295031	975142	43
1001568	1014597	255
931340	335619	255
931340	19115	157
489575	489355	44
834039	365984	28
834039	364532	64
834039	625020	62
468218	680804	121
178029	372255	132
601123	454733	58
601123	152857	108
601123	998196	187
601123	366876	67
601123	19802	155
417667	964165	154
534191	849271	96
534191	159989	248
275397	583903	211
444915	275382	22
350527	387377	42
224352	399212	212
755931	841247	79
755931	200135	173
566784	699403	84
51146	849271	253
51146	412788	168
275382	204663	91
275382	63331	249
275382	741417	213
275382	387377	196
275382	444148	231
275382	468482	175
275382	1024535	27
304967	372255	122
492042	760595	196
1021846	88370	94
317229	937941	14
906374	806539	217
906374	584242	60
638322	250767	222
428365	945429	227
428365	10091	177
428365	557452	76
603291	319833	19
128187	315207	115
857546	822775	72
223297	865326	115
223297	428366	50
232342	94822	88
365984	896576	127
159989	590573	55
159989	272581	166
528421	13019	171
841247	39413	239
852625	926732	238
741417	851224	152
564446	970787	2
654044	531063	49
709184	187474	121
142675	580214	150
142675	456052	249
142675	747218	46
136329	94969	219
136329	699403	117
623907	135778	134
623907	303594	45
623907	274087	27
121769	333323	156
931692	256164	29
931692	250767	88
386644	637405	131
386644	934428	110
454733	52766	92
934428	716396	226
354575	479120	15
354575	407422	225
354575	770479	11
945429	423490	159
945429	1002046	171
444148	78776	104
444148	129362	129
989589	916948	84
790075	686606	85
637405	423490	221
580214	456052	78
278868	423490	44
278868	94822	146
278868	275567	184
427339	585302	152
427339	707495	105
892144	145392	88
591867	919785	47
13019	535213	241
422680	733991	155
145392	62149	248
123751	79673	137
937941	462880	253
786310	274087	21
735060	315207	61
29667	751484	219
29667	837879	111
919785	387377	99
919785	78776	17
919785	255046	61
919785	476457	214
142155	478187	133
970787	548053	250
412788	423490	213
462880	899673	6
387377	999057	213
387377	952061	239
638409	733991	246
30676	747218	91
30676	45690	130
30676	553275	161
256164	822775	94
333323	976121	243
333323	1014597	65
40331	275567	191
450103	255046	122
64551	62149	2
733991	680804	42
926732	346136	151
828605	10091	230
366876	423490	32
147688	955223	6
40882	102611	68
476457	79673	112
456052	553275	106
585302	747218	237